0  0.31
1  -0.39
2  -0.28
3  0.42
4  -0.18
5  0.02
6  -0.03
7  -0.36
8  0.44
9  -0.38
10  0.51
11  -0.19
12  -0.2
13  -0.06
14  0.27
15  -0.6
16  -0.12
17  -0.52
18  0.91
19  -0.08
20  0.18
21  -0.32
22  0.14
23  0.46
24  -0.13
25  -0.23
26  -0.0
27  0.01
28  0.26
29  -0.09
30  0.02
31  -0.09
32  -0.45
33  -0.18
34  -0.55
35  0.33
36  0.75
37  0.59
38  -0.16
39  -0.56
40  0.27
41  -0.06
42  -0.07
43  1.33
44  -0.23
45  -0.12
46  -0.39
47  0.66
48  0.09
49  0.5
50  0.04
51  -0.18
52  0.56
53  -0.03
54  -0.07
55  0.47
56  -0.49
57  -0.23
58  0.07
59  -0.18
60  -0.09
61  -0.3
62  -0.17
63  0.27
64  -0.44
65  -0.28
66  -0.48
67  0.12
68  -0.27
69  -0.67
70  0.91
71  0.42
72  0.07
73  -0.31
74  -0.12
75  -0.15
76  -0.17
77  -0.01
78  -0.09
79  -0.03
80  0.13
81  -0.72
82  0.34
83  -0.68
84  -0.6
85  0.11
86  -0.31
87  -0.18
88  -0.38
89  -0.24
90  0.01
91  0.04
92  -0.17
93  1.8
94  -0.3
95  -0.14
96  0.57
97  -0.28
98  -0.03
99  -0.27
100  -0.18
101  0.31
102  -0.39
103  -0.28
104  0.42
105  -0.18
106  0.02
107  -0.03
108  -0.36
109  0.44
110  -0.38
111  0.51
112  -0.19
113  -0.2
114  -0.06
115  0.27
116  -0.6
117  -0.12
118  -0.52
119  0.91
120  -0.08
121  0.18
122  -0.32
123  0.14
124  0.46
125  -0.13
126  -0.23
127  -0.0
128  0.01
129  0.26
130  -0.09
131  0.02
132  -0.09
133  -0.45
134  -0.18
135  -0.55
136  0.33
137  0.75
138  0.59
139  -0.16
140  -0.56
141  0.27
142  -0.06
143  -0.07
144  1.33
145  -0.23
146  -0.12
147  -0.39
148  0.66
149  0.09
150  0.5
151  0.04
152  -0.18
153  0.56
154  -0.03
155  -0.07
156  0.47
157  -0.49
158  -0.23
159  0.07
160  -0.18
161  -0.09
162  -0.3
163  -0.17
164  0.27
165  -0.44
166  -0.28
167  -0.48
168  0.12
169  -0.27
170  -0.67
171  0.91
172  0.42
173  0.07
174  -0.31
175  -0.12
176  -0.15
177  -0.17
178  -0.01
179  -0.09
180  -0.03
181  0.13
182  -0.72
183  0.34
184  -0.68
185  -0.6
186  0.11
187  -0.31
188  -0.18
189  -0.38
190  -0.24
191  0.01
192  0.04
193  -0.17
194  1.8
195  -0.3
196  -0.14
197  0.57
198  -0.28
199  -0.03
200  -0.27
201  -0.18
202  -0.23
203  -0.14
204  0.52
205  -0.58
206  -0.12
207  -0.76
208  -0.26
209  -0.48
210  0.03
211  0.79
212  -0.43
213  -0.72
214  -0.48
215  -0.02
216  -0.57
217  -0.23
218  0.17
219  0.07
220  -0.11
221  0.04
222  0.13
223  -0.52
224  0.11
225  0.94
226  -0.37
227  -0.45
228  -0.05
229  0.89
230  0.25
231  -0.25
232  0.12
233  -0.29
234  -0.03
235  -0.12
236  -0.36
237  -0.12
238  0.06
239  0.15
240  0.09
241  1.14
242  0.11
243  -0.25
244  0.75
245  -0.07
246  0.13
247  -0.41
248  -0.13
249  0.03
250  0.38
251  -0.24
252  -0.24
253  0.9
254  -0.02
255  -0.5
256  0.07
257  -0.02
258  0.17
259  -0.47
260  -0.48
261  -0.23
262  -0.29
263  -0.17
264  0.02
265  -0.44
266  -0.18
267  0.31
268  -0.18
269  0.05
270  -0.76
271  -0.31
272  -0.26
273  0.5
274  -0.25
275  0.5
276  -0.11
277  0.24
278  -0.37
279  -0.38
280  -0.31
281  0.29
282  0.73
283  -0.27
284  -0.38
285  0.93
286  0.48
287  -0.18
288  0.15
289  0.66
290  0.67
291  -0.37
292  0.6
293  0.64
294  0.6
295  0.34
296  0.03
297  -0.36
298  0.48
299  0.4
300  1.0
301  -0.27
